10 30
30 30
50 70
70 70
70 110
170 110
190 110
230 110
10 30
30 30
50 70
70 70
70 110
170 110
190 110
230 110
10 30
30 30
50 70
70 70
70 110
170 110
190 110
230 110
10 30
30 30
50 70
70 70
70 110
170 110
190 110
230 110
10 30
30 30
50 70
70 70
70 110
170 110
190 110
230 110
10 30
30 30
50 70
70 70
70 110
170 110
190 110
230 110
10 30
30 30
50 70
70 70
70 110
170 110
190 110
230 110
10 30
30 30
50 70
70 70
70 110
170 110
190 110
230 110
310 110
10 30
30 30
50 70
70 70
70 110
170 110
190 110
230 110
10 30
30 30
50 70
70 70
70 110
170 110
190 110
230 110
10 30
30 30
50 70
70 70
70 110
170 110
190 110
230 110
10 30
30 30
50 70
70 70
70 110
170 110
190 110
230 110
